summary: 4717, 3220, 4379, 3156, 4711, 4351, 3326 Powell correction; 4543, 4415 Jacobian not within the range


-------------------------
running subject 4347
--------------------------
0.425386 0.999965 -0.007745 0.003078 0.000000 0.007688 0.999806 0.018113 0.000000 -0.003217 -0.018089 0.999831 0.000000 -1.161239 3.774720 -1.048556 1.000000 
--------------------------
running subject 4717
--------------------------
Applying POWELL correction
finit, fend, fextrap = 0.546522 , 0.543811 , 0.54471
fval = 0.543744
Applying POWELL correction
finit, fend, fextrap = 0.543744 , 0.540142 , 0.537287
fval = 0.535062
0.497059 0.999324 0.036210 -0.006417 0.000000 -0.035710 0.997196 0.065760 0.000000 0.008781 -0.065487 0.997815 0.000000 2.736823 5.262610 -7.604477 1.000000 
--------------------------
running subject 8578
--------------------------
                                                                               
Broadcast Message from root@rocky                                              
        (somewhere) at 0:27 ...                                                
                                                                               
Emergency! Batteries have failed on UPS r3ups1. Change them NOW                
                                                                               
0.460964 0.999799 0.017891 0.009050 0.000000 -0.018265 0.998905 0.043073 0.000000 -0.008269 -0.043229 0.999031 0.000000 2.895001 4.258622 -4.056213 1.000000 
--------------------------
running subject 4348
--------------------------
0.604218 0.999479 0.027313 0.017175 0.000000 -0.028171 0.998255 0.051903 0.000000 -0.015727 -0.052360 0.998504 0.000000 4.412753 4.708589 -3.852615 1.000000 
--------------------------
running subject 3200
--------------------------
0.460610 0.999885 0.009988 0.011386 0.000000 -0.010341 0.999453 0.031402 0.000000 -0.011066 -0.031516 0.999442 0.000000 1.784877 3.430596 -3.246606 1.000000 
--------------------------
running subject 3158
--------------------------
0.510449 0.999791 0.019914 -0.004667 0.000000 -0.019774 0.999407 0.028194 0.000000 0.005226 -0.028096 0.999592 0.000000 1.706807 1.591035 -1.420030 1.000000 
--------------------------
running subject 3211
--------------------------
0.462856 0.999995 -0.000071 -0.003059 0.000000 0.000093 0.999973 0.007374 0.000000 0.003058 -0.007374 0.999968 0.000000 -1.195961 1.239557 0.982057 1.000000 
--------------------------
running subject 3201
--------------------------
0.516464 0.999729 0.022372 -0.006412 0.000000 -0.022108 0.999007 0.038694 0.000000 0.007271 -0.038541 0.999231 0.000000 1.274586 3.147806 -1.894195 1.000000 
--------------------------
running subject 3236
--------------------------
0.556097 0.999516 0.029924 0.008480 0.000000 -0.030078 0.999374 0.018639 0.000000 -0.007917 -0.018885 0.999790 0.000000 3.791595 0.324131 -0.233361 1.000000 
--------------------------
running subject 8539
--------------------------
0.595033 0.999947 -0.008168 0.006302 0.000000 0.008021 0.999704 0.022982 0.000000 -0.006488 -0.022931 0.999716 0.000000 -0.444977 4.622906 1.130557 1.000000 
--------------------------
running subject 8551
--------------------------
0.490479 0.999465 0.029047 0.015010 0.000000 -0.029765 0.998305 0.050017 0.000000 -0.013532 -0.050438 0.998636 0.000000 4.480274 4.348859 -5.762266 1.000000 
--------------------------
running subject 3217
--------------------------
0.534245 0.999326 0.033175 0.015733 0.000000 -0.033936 0.998132 0.050810 0.000000 -0.014018 -0.051309 0.998584 0.000000 4.044584 4.781687 -3.378408 1.000000 
--------------------------
running subject 3172
--------------------------
0.404072 0.999724 0.021609 0.009185 0.000000 -0.022041 0.998512 0.049881 0.000000 -0.008094 -0.050070 0.998713 0.000000 2.722301 4.728161 -5.834236 1.000000 
--------------------------
running subject 4494
--------------------------
0.551168 0.999515 0.030979 0.003278 0.000000 -0.031069 0.999003 0.032072 0.000000 -0.002281 -0.032158 0.999480 0.000000 3.332878 1.824991 -2.787545 1.000000 
--------------------------
running subject 4804
--------------------------
0.418832 0.999576 0.023323 0.017439 0.000000 -0.023692 0.999493 0.021266 0.000000 -0.016934 -0.021671 0.999622 0.000000 4.275516 1.318356 -1.444841 1.000000 
--------------------------
running subject 3220
--------------------------
Applying POWELL correction
finit, fend, fextrap = 0.404809 , 0.404177 , 0.403758
fval = 0.403398
0.402946 0.999857 0.014797 0.008138 0.000000 -0.014879 0.999839 0.010068 0.000000 -0.007988 -0.010187 0.999916 0.000000 1.534986 1.086554 1.754137 1.000000 
--------------------------
running subject 8537
--------------------------
0.509635 0.999613 0.024336 0.013502 0.000000 -0.024736 0.999233 0.030351 0.000000 -0.012753 -0.030673 0.999448 0.000000 3.801266 2.096177 -2.207493 1.000000 
--------------------------
running subject 3193
--------------------------
0.545067 0.999730 0.021762 0.008104 0.000000 -0.022117 0.998666 0.046651 0.000000 -0.007078 -0.046817 0.998878 0.000000 3.688803 4.038224 -5.800582 1.000000 
--------------------------
running subject 3119
--------------------------
0.427834 0.999940 0.010226 -0.003975 0.000000 -0.010030 0.998869 0.046469 0.000000 0.004446 -0.046427 0.998912 0.000000 0.443259 4.548280 -2.824175 1.000000 
--------------------------
running subject 4664
--------------------------
                                                                               
Broadcast Message from root@rocky                                              
        (somewhere) at 9:27 ...                                                
                                                                               
Emergency! Batteries have failed on UPS r3ups1. Change them NOW                
                                                                               
0.527322 0.999682 0.025210 0.000076 0.000000 -0.025185 0.998535 0.047901 0.000000 0.001132 -0.047887 0.998852 0.000000 2.097231 3.398165 -1.982171 1.000000 
--------------------------
running subject 3216
--------------------------
0.328008 0.999663 0.023857 0.010225 0.000000 -0.024077 0.999470 0.021927 0.000000 -0.009697 -0.022166 0.999707 0.000000 3.289397 1.107237 -2.454365 1.000000 
--------------------------
running subject 3304
--------------------------
0.462312 0.999794 0.020116 -0.002510 0.000000 -0.019937 0.998120 0.057954 0.000000 0.003671 -0.057892 0.998316 0.000000 1.437502 6.392543 -6.952223 1.000000 


--------------------------
running subject 3255
--------------------------
0.981389 0.997819 0.066003 -0.000174 0.000000 -0.066004 0.997815 -0.003016 0.000000 -0.000025 0.003021 0.999995 0.000000 13.222564 -1.691964 0.535237 1.000000 
--------------------------
running subject 3157
--------------------------
                                                                               
Broadcast Message from root@rocky                                              
        (somewhere) at 0:27 ...                                                
                                                                               
Emergency! Batteries have failed on UPS r3ups1. Change them NOW                
                                                                               
0.497932 0.999642 0.024834 0.009984 0.000000 -0.025242 0.998753 0.043078 0.000000 -0.008901 -0.043315 0.999022 0.000000 3.509036 3.409424 -3.472440 1.000000 
--------------------------
running subject 4545
--------------------------
0.509984 0.999594 0.026987 0.009144 0.000000 -0.027338 0.998796 0.040731 0.000000 -0.008034 -0.040965 0.999128 0.000000 3.299713 2.894614 -2.788280 1.000000 
--------------------------
running subject 3150
--------------------------
0.445012 0.999552 0.016366 0.025048 0.000000 -0.017074 0.999453 0.028327 0.000000 -0.024571 -0.028742 0.999285 0.000000 5.139996 2.107377 -1.152016 1.000000 
--------------------------
running subject 4543
--------------------------
Warning, Jacobian not within prescribed range. Prescription is 0.01 -- 100 and obtained range is 0.00568643 -- 2.38752
0.442262 0.999383 0.033989 0.008879 0.000000 -0.034408 0.998042 0.052231 0.000000 -0.007086 -0.052504 0.998596 0.000000 3.882324 2.670782 -5.066293 1.000000 
--------------------------
running subject 3147
--------------------------
0.424612 0.999545 0.028800 0.008966 0.000000 -0.029352 0.997179 0.069088 0.000000 -0.006951 -0.069320 0.997570 0.000000 3.390626 6.452387 -5.851979 1.000000 
--------------------------
running subject 4486
--------------------------
0.391006 0.999988 -0.004748 -0.001353 0.000000 0.004792 0.999377 0.034954 0.000000 0.001186 -0.034960 0.999388 0.000000 -1.001056 4.980459 -2.828848 1.000000 
--------------------------
running subject 3222
--------------------------
0.506083 0.999835 0.018184 -0.000021 0.000000 -0.018174 0.999367 0.030588 0.000000 0.000577 -0.030582 0.999532 0.000000 1.158377 2.232589 -1.001934 1.000000 
--------------------------
running subject 8581
--------------------------
0.465481 0.999890 0.014828 0.000818 0.000000 -0.014848 0.999101 0.039704 0.000000 -0.000229 -0.039711 0.999211 0.000000 1.442874 4.087109 -2.552198 1.000000 
--------------------------
running subject 3152
--------------------------
0.399470 0.999420 0.030996 0.014094 0.000000 -0.031968 0.996670 0.075020 0.000000 -0.011722 -0.075427 0.997082 0.000000 4.505109 6.241490 -8.925120 1.000000 
--------------------------
running subject 4379
--------------------------
Applying POWELL correction
finit, fend, fextrap = 0.479392 , 0.479048 , 0.478775
fval = 0.478771
0.478477 0.999574 0.029102 -0.002390 0.000000 -0.029010 0.999061 0.032175 0.000000 0.003324 -0.032092 0.999479 0.000000 2.515331 1.433272 -0.500947 1.000000 
--------------------------
running subject 3148
--------------------------
0.407768 0.999281 0.037655 0.004496 0.000000 -0.037859 0.997417 0.061041 0.000000 -0.002186 -0.061167 0.998125 0.000000 3.616736 4.609110 -4.916985 1.000000 
--------------------------
running subject 3195
--------------------------
0.442444 0.999983 -0.005627 0.001511 0.000000 0.005601 0.999847 0.016595 0.000000 -0.001604 -0.016586 0.999861 0.000000 -0.840602 2.728492 -0.174800 1.000000 
--------------------------
running subject 8818
--------------------------
0.494221 0.999826 0.018090 0.004575 0.000000 -0.018292 0.998643 0.048758 0.000000 -0.003687 -0.048833 0.998800 0.000000 1.250288 4.811800 -1.852466 1.000000 
--------------------------
running subject 4489
--------------------------
0.450231 0.999844 0.013175 0.011781 0.000000 -0.013558 0.999361 0.033081 0.000000 -0.011338 -0.033236 0.999383 0.000000 2.434553 3.544499 -3.405509 1.000000 
--------------------------
running subject 3156
--------------------------
Applying POWELL correction
finit, fend, fextrap = 0.465074 , 0.464561 , 0.464117
fval = 0.463083
0.462639 0.999326 0.036268 -0.005673 0.000000 -0.036114 0.999031 0.025147 0.000000 0.006579 -0.024925 0.999668 0.000000 2.326683 0.257007 1.159014 1.000000 
--------------------------
running subject 8697
--------------------------
0.488558 0.999256 0.038417 0.003288 0.000000 -0.038538 0.997821 0.053561 0.000000 -0.001223 -0.053648 0.998559 0.000000 3.855750 3.893645 -2.765904 1.000000 
--------------------------
running subject 3115
--------------------------
0.556334 0.999984 0.005555 -0.001244 0.000000 -0.005486 0.998764 0.049393 0.000000 0.001517 -0.049386 0.998779 0.000000 -0.605729 5.014728 -3.251131 1.000000 
--------------------------
running subject 8559
--------------------------
                                                                               
Broadcast Message from root@rocky                                              
        (somewhere) at 9:27 ...                                                
                                                                               
Emergency! Batteries have failed on UPS r3ups1. Change them NOW                
                                                                               
0.422143 0.999676 0.021748 0.013202 0.000000 -0.022131 0.999316 0.029614 0.000000 -0.012549 -0.029897 0.999474 0.000000 3.459099 2.737356 -2.102783 1.000000 
--------------------------
running subject 3125
--------------------------
0.468102 0.999684 0.024924 0.003306 0.000000 -0.024979 0.999531 0.017728 0.000000 -0.002863 -0.017805 0.999837 0.000000 3.406287 0.373777 0.780949 1.000000 
--------------------------
running subject 3232
--------------------------
Applying POWELL correction
finit, fend, fextrap = 0.523583 , 0.522739 , 0.522252
fval = 0.521942
0.520811 0.999614 0.026495 -0.008308 0.000000 -0.026241 0.999223 0.029396 0.000000 0.009081 -0.029167 0.999533 0.000000 0.896328 1.394309 0.963168 1.000000 
--------------------------
running subject 3306
--------------------------
0.487002 0.999967 0.006278 0.005225 0.000000 -0.006421 0.999595 0.027729 0.000000 -0.005049 -0.027762 0.999602 0.000000 0.823729 3.774874 0.386649 1.000000 





--------------------------
running subject 3134
--------------------------
Applying POWELL correction
finit, fend, fextrap = 0.459924 , 0.459003 , 0.458415
fval = 0.457762
0.457704 0.999977 0.006807 -0.000037 0.000000 -0.006801 0.999365 0.034973 0.000000 0.000275 -0.034972 0.999388 0.000000 -0.816806 3.315009 -1.105032 1.000000 
--------------------------
running subject 4708
--------------------------
                                                                               
Broadcast Message from root@rocky                                              
        (somewhere) at 0:27 ...                                                
                                                                               
Emergency! Batteries have failed on UPS r3ups1. Change them NOW                
                                                                               
0.491693 0.999704 0.019282 -0.014866 0.000000 -0.018784 0.999280 0.032970 0.000000 0.015491 -0.032681 0.999346 0.000000 -0.422900 2.311682 0.226127 1.000000 
--------------------------
running subject 4522
--------------------------
0.451321 0.999833 0.018083 0.002439 0.000000 -0.018176 0.998779 0.045939 0.000000 -0.001605 -0.045976 0.998941 0.000000 2.146397 4.198081 -2.992391 1.000000 
--------------------------
running subject 4406
--------------------------
0.490877 0.999991 -0.003981 0.001112 0.000000 0.003943 0.999466 0.032426 0.000000 -0.001241 -0.032421 0.999474 0.000000 -1.047679 4.350809 0.422718 1.000000 
--------------------------
running subject 4711
--------------------------
Applying POWELL correction
finit, fend, fextrap = 0.535432 , 0.534432 , 0.533821
fval = 0.533748
0.533495 0.999466 0.030569 -0.011582 0.000000 -0.030393 0.999425 0.015059 0.000000 0.012036 -0.014699 0.999820 0.000000 0.900661 -0.548363 2.490999 1.000000 
--------------------------
running subject 4866
--------------------------
0.535353 0.999841 0.012324 0.012914 0.000000 -0.013067 0.998168 0.059082 0.000000 -0.012162 -0.059241 0.998170 0.000000 2.340900 6.652349 -3.850180 1.000000 
--------------------------
running subject 4359
--------------------------
0.456206 0.999728 0.019119 -0.013372 0.000000 -0.018742 0.999438 0.027797 0.000000 0.013896 -0.027539 0.999524 0.000000 0.267541 1.961832 -1.891658 1.000000 
--------------------------
running subject 4591
--------------------------
0.495808 0.999869 0.016044 0.002024 0.000000 -0.016090 0.999548 0.025405 0.000000 -0.001616 -0.025434 0.999675 0.000000 1.608368 2.331752 0.324210 1.000000 
--------------------------
running subject 4826
--------------------------
0.448177 0.999879 0.015463 -0.001740 0.000000 -0.015381 0.999071 0.040246 0.000000 0.002361 -0.040214 0.999188 0.000000 1.008141 2.973134 -2.352353 1.000000 
--------------------------
running subject 4683
--------------------------
0.492946 0.999829 0.014800 0.011057 0.000000 -0.015013 0.999698 0.019468 0.000000 -0.010765 -0.019630 0.999749 0.000000 2.290752 1.352249 -1.295762 1.000000 
--------------------------
running subject 4364
--------------------------
0.466046 0.999984 0.003775 0.004276 0.000000 -0.003875 0.999715 0.023565 0.000000 -0.004185 -0.023581 0.999713 0.000000 0.604782 3.615433 0.118585 1.000000 
--------------------------
running subject 4449
--------------------------
0.464082 0.999790 0.016435 0.012236 0.000000 -0.017103 0.998250 0.056611 0.000000 -0.011285 -0.056808 0.998321 0.000000 2.561010 5.629081 -3.405108 1.000000 
--------------------------
running subject 4380
--------------------------
0.438926 0.999979 -0.002642 -0.005855 0.000000 0.002776 0.999731 0.023028 0.000000 0.005792 -0.023044 0.999718 0.000000 -1.815303 2.791390 -0.344706 1.000000 
--------------------------
running subject 4351
--------------------------
Applying POWELL correction
finit, fend, fextrap = 0.512335 , 0.510065 , 0.508371
fval = 0.506966
0.505051 0.999646 0.024461 0.010458 0.000000 -0.025225 0.996426 0.080617 0.000000 -0.008448 -0.080852 0.996690 0.000000 3.106590 6.507009 -8.099890 1.000000 
--------------------------
running subject 3326
--------------------------
Applying POWELL correction
finit, fend, fextrap = 0.547656 , 0.545868 , 0.544672
fval = 0.543181
Applying POWELL correction
finit, fend, fextrap = 0.541165 , 0.54017 , 0.540255
fval = 0.540028
0.539709 0.998826 0.027081 -0.040152 0.000000 -0.024423 0.997568 0.065272 0.000000 0.041822 -0.064215 0.997059 0.000000 -3.818074 5.329787 0.777055 1.000000 
--------------------------
running subject 4727
--------------------------
0.474711 0.999810 0.015718 0.011544 0.000000 -0.016252 0.998732 0.047639 0.000000 -0.010781 -0.047818 0.998798 0.000000 2.419284 4.635198 -4.227020 1.000000 
--------------------------
running subject 4705
--------------------------
0.451970 0.999953 -0.006977 0.006713 0.000000 0.006874 0.999861 0.015201 0.000000 -0.006818 -0.015155 0.999862 0.000000 -0.547284 2.280647 0.615913 1.000000 
--------------------------
running subject 3325
--------------------------
0.392529 0.999760 0.019810 0.009345 0.000000 -0.020342 0.997943 0.060802 0.000000 -0.008121 -0.060977 0.998106 0.000000 2.471944 5.844344 -5.533297 1.000000 
--------------------------
running subject 4523
--------------------------
                                                                               
Broadcast Message from root@rocky                                              
        (somewhere) at 9:27 ...                                                
                                                                               
Emergency! Batteries have failed on UPS r3ups1. Change them NOW                
                                                                               
0.439752 0.999839 0.017552 0.003614 0.000000 -0.017711 0.998603 0.049777 0.000000 -0.002735 -0.049833 0.998754 0.000000 1.759597 2.733451 -3.660397 1.000000 
--------------------------
running subject 4642
--------------------------
0.566130 0.999936 0.009779 0.005714 0.000000 -0.009822 0.999923 0.007573 0.000000 -0.005639 -0.007629 0.999955 0.000000 1.209040 0.891020 1.976459 1.000000 
--------------------------
running subject 4514
--------------------------
0.477554 0.999994 -0.003092 0.001564 0.000000 0.003050 0.999652 0.026194 0.000000 -0.001645 -0.026189 0.999656 0.000000 -1.025931 3.977707 -1.335113 1.000000 
--------------------------
running subject 4450
--------------------------
0.480279 0.999308 0.037009 0.003826 0.000000 -0.037110 0.998826 0.031129 0.000000 -0.002669 -0.031249 0.999508 0.000000 3.975806 -0.186104 1.067018 1.000000 
--------------------------
running subject 4415
--------------------------
Warning, Jacobian not within prescribed range. Prescription is 0.01 -- 100 and obtained range is 0.00526453 -- 2.47427
0.513150 0.999430 0.031656 0.011751 0.000000 -0.032169 0.998405 0.046392 0.000000 -0.010264 -0.046744 0.998854 0.000000 4.059105 3.189026 -2.351824 1.000000 

